[hand_eye_calibration]
x = -23.5051443239
y = -12.4151813474
z = 6.37920515446
qw = 0.643479387066
qx = -0.431632091502
qy = -0.586617972218
qz = -0.23560002266

